-- ============================================================
-- 02. Calendario, resultados y goles
--
-- Marcadores y minutos de gol procedentes de la Primera Division de
-- Chile 2025, reasignados a un calendario ficticio de 10 equipos
-- generado por el metodo del circulo (ida y vuelta, 18 jornadas).
-- Descuentos normalizados: 45+x -> 45, 90+x -> 90.
-- ============================================================

create table partidos (
    id           smallint primary key,
    jornada      smallint not null,
    fecha        date not null,
    local_id     smallint not null references equipos(id),
    visita_id    smallint not null references equipos(id),
    goles_local  smallint not null,
    goles_visita smallint not null,
    check (local_id <> visita_id)
);

insert into partidos (id, jornada, fecha, local_id, visita_id, goles_local, goles_visita) values
    (1, 1, '2026-04-26', 1, 10, 0, 1),
    (2, 1, '2026-04-26', 9, 2, 1, 2),
    (3, 1, '2026-04-26', 3, 8, 0, 2),
    (4, 1, '2026-04-26', 7, 4, 2, 1),
    (5, 1, '2026-04-26', 5, 6, 1, 1),
    (6, 2, '2026-05-03', 9, 1, 1, 0),
    (7, 2, '2026-05-03', 10, 8, 4, 1),
    (8, 2, '2026-05-03', 7, 2, 2, 1),
    (9, 2, '2026-05-03', 3, 6, 0, 4),
    (10, 2, '2026-05-03', 5, 4, 2, 3),
    (11, 3, '2026-05-10', 1, 8, 2, 1),
    (12, 3, '2026-05-10', 7, 9, 1, 1),
    (13, 3, '2026-05-10', 10, 6, 1, 0),
    (14, 3, '2026-05-10', 5, 2, 2, 0),
    (15, 3, '2026-05-10', 3, 4, 0, 0),
    (16, 4, '2026-05-17', 7, 1, 3, 1),
    (17, 4, '2026-05-17', 8, 6, 4, 0),
    (18, 4, '2026-05-17', 5, 9, 0, 4),
    (19, 4, '2026-05-17', 10, 4, 1, 2),
    (20, 4, '2026-05-17', 3, 2, 1, 1),
    (21, 5, '2026-05-24', 1, 6, 2, 0),
    (22, 5, '2026-05-24', 5, 7, 0, 0),
    (23, 5, '2026-05-24', 8, 4, 0, 1),
    (24, 5, '2026-05-24', 3, 9, 0, 0),
    (25, 5, '2026-05-24', 10, 2, 1, 0),
    (26, 6, '2026-05-31', 5, 1, 1, 2),
    (27, 6, '2026-05-31', 6, 4, 1, 1),
    (28, 6, '2026-05-31', 3, 7, 0, 0),
    (29, 6, '2026-05-31', 8, 2, 1, 1),
    (30, 6, '2026-05-31', 10, 9, 0, 3),
    (31, 7, '2026-06-07', 1, 4, 2, 2),
    (32, 7, '2026-06-07', 3, 5, 2, 2),
    (33, 7, '2026-06-07', 6, 2, 0, 1),
    (34, 7, '2026-06-07', 10, 7, 1, 0),
    (35, 7, '2026-06-07', 8, 9, 0, 1),
    (36, 8, '2026-06-14', 3, 1, 4, 0),
    (37, 8, '2026-06-14', 4, 2, 0, 2),
    (38, 8, '2026-06-14', 10, 5, 4, 0),
    (39, 8, '2026-06-14', 6, 9, 0, 1),
    (40, 8, '2026-06-14', 8, 7, 2, 1),
    (41, 9, '2026-06-21', 1, 2, 0, 1),
    (42, 9, '2026-06-21', 10, 3, 1, 1),
    (43, 9, '2026-06-21', 4, 9, 2, 1),
    (44, 9, '2026-06-21', 8, 5, 1, 0),
    (45, 9, '2026-06-21', 6, 7, 2, 0),
    (46, 10, '2026-06-28', 10, 1, 2, 2),
    (47, 10, '2026-06-28', 2, 9, 1, 0),
    (48, 10, '2026-06-28', 8, 3, 2, 0),
    (49, 10, '2026-06-28', 4, 7, 1, 1),
    (50, 10, '2026-06-28', 6, 5, 0, 1),
    (51, 11, '2026-07-05', 1, 9, 1, 1),
    (52, 11, '2026-07-05', 8, 10, 1, 0),
    (53, 11, '2026-07-05', 2, 7, 0, 3),
    (54, 11, '2026-07-05', 6, 3, 0, 3),
    (55, 11, '2026-07-05', 4, 5, 2, 0),
    (56, 12, '2026-07-12', 8, 1, 1, 1),
    (57, 12, '2026-07-12', 9, 7, 1, 0),
    (58, 12, '2026-07-12', 6, 10, 6, 0),
    (59, 12, '2026-07-12', 2, 5, 0, 1),
    (60, 12, '2026-07-12', 4, 3, 2, 2),
    (61, 13, '2026-07-19', 1, 7, 1, 0),
    (62, 13, '2026-07-19', 6, 8, 4, 1),
    (63, 13, '2026-07-19', 9, 5, 1, 1),
    (64, 13, '2026-07-19', 4, 10, 1, 0),
    (65, 13, '2026-07-19', 2, 3, 0, 2),
    (66, 14, '2026-07-26', 6, 1, 1, 3),
    (67, 14, '2026-07-26', 7, 5, 2, 0),
    (68, 14, '2026-07-26', 4, 8, 1, 2),
    (69, 14, '2026-07-26', 9, 3, 2, 4),
    (70, 14, '2026-07-26', 2, 10, 2, 3),
    (71, 15, '2026-08-02', 1, 5, 4, 3),
    (72, 15, '2026-08-02', 4, 6, 1, 1),
    (73, 15, '2026-08-02', 7, 3, 2, 2),
    (74, 15, '2026-08-02', 2, 8, 0, 1),
    (75, 15, '2026-08-02', 9, 10, 2, 2),
    (76, 16, '2026-08-09', 4, 1, 0, 1),
    (77, 16, '2026-08-09', 5, 3, 0, 0),
    (78, 16, '2026-08-09', 2, 6, 2, 3),
    (79, 16, '2026-08-09', 7, 10, 3, 1),
    (80, 16, '2026-08-09', 9, 8, 1, 0),
    (81, 17, '2026-08-16', 1, 3, 1, 0),
    (82, 17, '2026-08-16', 2, 4, 2, 1),
    (83, 17, '2026-08-16', 5, 10, 0, 0),
    (84, 17, '2026-08-16', 9, 6, 0, 0),
    (85, 17, '2026-08-16', 7, 8, 2, 1),
    (86, 18, '2026-08-23', 2, 1, 2, 0),
    (87, 18, '2026-08-23', 3, 10, 2, 1),
    (88, 18, '2026-08-23', 9, 4, 1, 3),
    (89, 18, '2026-08-23', 5, 8, 0, 3),
    (90, 18, '2026-08-23', 7, 6, 3, 1);


-- ------------------------------------------------------------
-- Goles: una fila por gol.
-- 'equipo_id' es quien marca, 'rival_id' contra quien.
-- Las goleadoras del equipo propio se corresponden con jugadoras
-- que estaban efectivamente en el campo en ese minuto.
-- ------------------------------------------------------------

create table goles (
    id         smallint primary key,
    jornada    smallint not null,
    equipo_id  smallint not null references equipos(id),
    rival_id   smallint not null references equipos(id),
    dorsal     smallint not null,
    minuto     smallint not null check (minuto between 1 and 90)
);

insert into goles (id, jornada, equipo_id, rival_id, dorsal, minuto) values
    (1, 1, 5, 6, 9, 7),
    (2, 1, 2, 9, 7, 11),
    (3, 1, 2, 9, 9, 23),
    (4, 1, 8, 3, 7, 33),
    (5, 1, 9, 2, 7, 45),
    (6, 1, 6, 5, 9, 45),
    (7, 1, 10, 1, 9, 59),
    (8, 1, 7, 4, 9, 61),
    (9, 1, 8, 3, 10, 68),
    (10, 1, 7, 4, 10, 75),
    (11, 1, 4, 7, 10, 86),
    (12, 2, 10, 8, 9, 3),
    (13, 2, 5, 4, 9, 4),
    (14, 2, 7, 2, 9, 5),
    (15, 2, 8, 10, 10, 45),
    (16, 2, 5, 4, 10, 45),
    (17, 2, 6, 3, 7, 46),
    (18, 2, 6, 3, 10, 50),
    (19, 2, 6, 3, 7, 55),
    (20, 2, 4, 5, 7, 60),
    (21, 2, 9, 1, 9, 63),
    (22, 2, 6, 3, 9, 65),
    (23, 2, 4, 5, 9, 65),
    (24, 2, 10, 8, 10, 66),
    (25, 2, 10, 8, 7, 74),
    (26, 2, 10, 8, 9, 81),
    (27, 2, 4, 5, 9, 89),
    (28, 2, 7, 2, 9, 90),
    (29, 2, 2, 7, 9, 90),
    (30, 3, 8, 1, 10, 21),
    (31, 3, 5, 2, 10, 23),
    (32, 3, 1, 8, 18, 51),
    (33, 3, 9, 7, 9, 65),
    (34, 3, 7, 9, 10, 83),
    (35, 3, 5, 2, 7, 89),
    (36, 3, 1, 8, 7, 90),
    (37, 3, 10, 6, 7, 90),
    (38, 4, 9, 5, 9, 13),
    (39, 4, 9, 5, 7, 22),
    (40, 4, 1, 7, 9, 24),
    (41, 4, 8, 6, 10, 40),
    (42, 4, 8, 6, 9, 43),
    (43, 4, 9, 5, 7, 44),
    (44, 4, 4, 10, 10, 45),
    (45, 4, 2, 3, 9, 45),
    (46, 4, 4, 10, 9, 48),
    (47, 4, 8, 6, 7, 55),
    (48, 4, 7, 1, 9, 58),
    (49, 4, 8, 6, 10, 67),
    (50, 4, 7, 1, 9, 70),
    (51, 4, 10, 4, 9, 74),
    (52, 4, 9, 5, 10, 76),
    (53, 4, 3, 2, 7, 85),
    (54, 4, 7, 1, 10, 90),
    (55, 5, 10, 2, 7, 29),
    (56, 5, 1, 6, 20, 51),
    (57, 5, 4, 8, 9, 79),
    (58, 5, 1, 6, 5, 90),
    (59, 6, 4, 6, 10, 14),
    (60, 6, 2, 8, 9, 15),
    (61, 6, 1, 5, 10, 22),
    (62, 6, 5, 1, 7, 39),
    (63, 6, 6, 4, 7, 45),
    (64, 6, 9, 10, 9, 48),
    (65, 6, 1, 5, 10, 57),
    (66, 6, 9, 10, 10, 59),
    (67, 6, 9, 10, 10, 88),
    (68, 6, 8, 2, 9, 90),
    (69, 7, 2, 6, 10, 20),
    (70, 7, 4, 1, 9, 29),
    (71, 7, 5, 3, 9, 34),
    (72, 7, 4, 1, 9, 45),
    (73, 7, 1, 4, 9, 50),
    (74, 7, 9, 8, 9, 56),
    (75, 7, 3, 5, 7, 62),
    (76, 7, 1, 4, 7, 64),
    (77, 7, 5, 3, 10, 64),
    (78, 7, 10, 7, 7, 84),
    (79, 7, 3, 5, 9, 90),
    (80, 8, 3, 1, 7, 27),
    (81, 8, 10, 5, 10, 30),
    (82, 8, 10, 5, 7, 39),
    (83, 8, 2, 4, 10, 42),
    (84, 8, 10, 5, 7, 44),
    (85, 8, 10, 5, 9, 52),
    (86, 8, 3, 1, 9, 55),
    (87, 8, 8, 7, 10, 58),
    (88, 8, 9, 6, 7, 66),
    (89, 8, 7, 8, 7, 71),
    (90, 8, 3, 1, 9, 75),
    (91, 8, 8, 7, 7, 82),
    (92, 8, 3, 1, 9, 85),
    (93, 8, 2, 4, 9, 87),
    (94, 9, 6, 7, 7, 21),
    (95, 9, 2, 1, 7, 45),
    (96, 9, 10, 3, 9, 46),
    (97, 9, 9, 4, 9, 53),
    (98, 9, 4, 9, 9, 68),
    (99, 9, 4, 9, 7, 81),
    (100, 9, 3, 10, 7, 83),
    (101, 9, 6, 7, 7, 88),
    (102, 9, 8, 5, 9, 90),
    (103, 10, 10, 1, 9, 6),
    (104, 10, 1, 10, 9, 13),
    (105, 10, 4, 7, 10, 18),
    (106, 10, 1, 10, 9, 66),
    (107, 10, 5, 6, 9, 67),
    (108, 10, 8, 3, 9, 70),
    (109, 10, 10, 1, 7, 74),
    (110, 10, 7, 4, 9, 77),
    (111, 10, 2, 9, 7, 90),
    (112, 10, 8, 3, 9, 90),
    (113, 11, 3, 6, 10, 3),
    (114, 11, 7, 2, 7, 42),
    (115, 11, 9, 1, 7, 46),
    (116, 11, 8, 10, 9, 48),
    (117, 11, 4, 5, 9, 52),
    (118, 11, 4, 5, 9, 75),
    (119, 11, 7, 2, 10, 83),
    (120, 11, 3, 6, 10, 84),
    (121, 11, 7, 2, 10, 88),
    (122, 11, 1, 9, 8, 90),
    (123, 11, 3, 6, 9, 90),
    (124, 12, 3, 4, 10, 7),
    (125, 12, 6, 10, 10, 13),
    (126, 12, 3, 4, 9, 16),
    (127, 12, 8, 1, 9, 19),
    (128, 12, 6, 10, 9, 33),
    (129, 12, 1, 8, 8, 45),
    (130, 12, 6, 10, 7, 45),
    (131, 12, 4, 3, 7, 45),
    (132, 12, 6, 10, 10, 56),
    (133, 12, 4, 3, 7, 70),
    (134, 12, 5, 2, 10, 75),
    (135, 12, 6, 10, 7, 79),
    (136, 12, 6, 10, 7, 87),
    (137, 12, 9, 7, 10, 88),
    (138, 13, 8, 6, 9, 3),
    (139, 13, 6, 8, 7, 7),
    (140, 13, 9, 5, 9, 7),
    (141, 13, 6, 8, 9, 21),
    (142, 13, 6, 8, 7, 25),
    (143, 13, 3, 2, 9, 31),
    (144, 13, 5, 9, 10, 39),
    (145, 13, 4, 10, 7, 49),
    (146, 13, 6, 8, 10, 58),
    (147, 13, 1, 7, 8, 82),
    (148, 13, 3, 2, 7, 90),
    (149, 14, 10, 2, 9, 5),
    (150, 14, 7, 5, 9, 6),
    (151, 14, 10, 2, 7, 10),
    (152, 14, 1, 6, 7, 11),
    (153, 14, 3, 9, 10, 13),
    (154, 14, 8, 4, 10, 15),
    (155, 14, 9, 3, 7, 16),
    (156, 14, 3, 9, 9, 37),
    (157, 14, 2, 10, 9, 45),
    (158, 14, 8, 4, 7, 54),
    (159, 14, 10, 2, 9, 54),
    (160, 14, 1, 6, 14, 57),
    (161, 14, 7, 5, 7, 62),
    (162, 14, 1, 6, 7, 74),
    (163, 14, 4, 8, 10, 77),
    (164, 14, 3, 9, 9, 77),
    (165, 14, 2, 10, 7, 84),
    (166, 14, 6, 1, 9, 90),
    (167, 14, 9, 3, 10, 90),
    (168, 14, 3, 9, 7, 90),
    (169, 15, 5, 1, 10, 9),
    (170, 15, 1, 5, 10, 30),
    (171, 15, 7, 3, 10, 36),
    (172, 15, 5, 1, 9, 39),
    (173, 15, 3, 7, 9, 53),
    (174, 15, 5, 1, 9, 54),
    (175, 15, 7, 3, 9, 56),
    (176, 15, 3, 7, 9, 59),
    (177, 15, 9, 10, 9, 61),
    (178, 15, 1, 5, 10, 62),
    (179, 15, 10, 9, 10, 75),
    (180, 15, 6, 4, 9, 76),
    (181, 15, 10, 9, 7, 81),
    (182, 15, 8, 2, 7, 82),
    (183, 15, 1, 5, 7, 85),
    (184, 15, 9, 10, 10, 89),
    (185, 15, 1, 5, 10, 90),
    (186, 15, 4, 6, 10, 90),
    (187, 16, 7, 10, 10, 9),
    (188, 16, 6, 2, 9, 13),
    (189, 16, 7, 10, 7, 45),
    (190, 16, 9, 8, 9, 49),
    (191, 16, 1, 4, 11, 62),
    (192, 16, 10, 7, 9, 62),
    (193, 16, 6, 2, 7, 65),
    (194, 16, 2, 6, 9, 69),
    (195, 16, 7, 10, 7, 81),
    (196, 16, 2, 6, 7, 90),
    (197, 16, 6, 2, 10, 90),
    (198, 17, 1, 3, 11, 2),
    (199, 17, 8, 7, 9, 8),
    (200, 17, 7, 8, 7, 21),
    (201, 17, 2, 4, 7, 45),
    (202, 17, 2, 4, 7, 77),
    (203, 17, 4, 2, 7, 78),
    (204, 17, 7, 8, 9, 90),
    (205, 18, 6, 7, 10, 5),
    (206, 18, 2, 1, 9, 13),
    (207, 18, 10, 3, 9, 28),
    (208, 18, 8, 5, 10, 32),
    (209, 18, 4, 9, 10, 33),
    (210, 18, 8, 5, 7, 38),
    (211, 18, 2, 1, 7, 43),
    (212, 18, 3, 10, 7, 43),
    (213, 18, 7, 6, 7, 48),
    (214, 18, 7, 6, 9, 62),
    (215, 18, 4, 9, 7, 72),
    (216, 18, 9, 4, 9, 79),
    (217, 18, 4, 9, 9, 80),
    (218, 18, 8, 5, 7, 82),
    (219, 18, 3, 10, 9, 90),
    (220, 18, 7, 6, 10, 90);
